784-1-10
-0.08296378025540296
-0.06194460159245403
0.047599599487747446
-0.08583303986006868
0.04796897134008482
-0.017764675704438765
-0.05059470877202821
0.06137562858881285
0.08456562678725255
-0.04394648790116695
0.06801978704900927
-0.035795383332378305
-0.04307002432165996
0.02864830601721395
-0.08295267108573555
-0.004272423483083624
0.06796671471023777
0.04589413843346474
-0.07875226178975436
-0.03367904829458883
0.037498010970878404
0.02215886377825267
-0.09164818342872619
-0.04824860819150585
-0.03910415866896875
-0.016848423272488033
0.02819833139675504
0.03191531471781789
-0.010916480009656879
-0.09660444580368036
-0.0333473020232664
0.04960774922364769
-0.027846230993445766
-0.02403903908189453
-0.03325447454939057
-0.029013756261345284
0.09782172608845735
0.06981209790691002
0.046197722565790016
-0.08340060381294606
0.0988511034158231
-0.018260326289038984
0.05194724372712184
-0.09224903404052874
-0.05726483797169797
0.032640551698828936
-0.09660622453504851
-0.06001491433554661
0.07856425396300191
-0.006117990569372867
0.08199564249470903
0.06139151058248875
0.07870928864673912
0.017185622462328465
0.08740061178625605
0.027666503858768038
-0.08901547824553016
0.0023646402501411173
0.052377721497851006
0.07071454569287774
-0.03830801066885028
0.008184278793605277
-0.04973707713616274
-0.039973508118635655
-0.011080789582694879
0.05532621357273136
-0.030405962285209438
0.07146161759271752
0.07493120275699514
-0.08457827231454505
-0.08273379708629527
0.03511505166267764
0.058135199949375174
0.07530969513741631
0.04071124875585718
-0.012957451701370097
-0.03286897610914919
-0.05124460176536605
-0.012030573617692506
0.05603472980786919
0.07411817402270855
0.03311274317285291
-0.02642864192308328
0.009228181887280987
0.09757643332744664
0.031062282083993698
-0.04346334523111972
-0.09431191218362339
0.02776403944897548
0.09729094863150171
-0.05084714256268453
0.09957785038244957
0.09375125604563433
-0.037070812170269696
0.02102925435840089
0.008641401331481715
0.08021875500422376
-0.06827173037407318
-0.011408267516246002
0.006094336770648786
0.016318817707411927
0.049607270885271976
-0.0729863770792883
-0.02889211603965083
-0.0716875828803917
0.07622705913434612
-0.0718097494649036
0.01164011988487176
0.012958587779522416
-0.007893282801605046
0.0361556003926003
0.07218904431474074
0.04235142694497801
-0.026431828794327032
-0.08319916710227332
-0.06121912487958065
0.04785882987156734
-0.01492827213817453
-0.0340329770721874
-0.038836720328709565
-0.04092801891243528
0.045684993833962774
-0.0063828987410941476
-0.06905613768314055
0.027998614440803763
-0.0751464228090036
0.05857060901369114
0.11140989451186335
0.04996117643112198
0.02697721431178953
0.033394417771825884
0.05491734415016835
-7.584386699371132E-4
0.06584272291530324
-0.06637570718723171
-0.06845549268858157
-0.07551987680881407
-0.0889090840300238
-0.03002724040499708
-0.07997448261304474
-0.09040589803790107
0.04459164715950653
-0.01305676490811163
-0.023470751986654423
0.03897914997832383
-0.0571663788278528
0.07941977862296325
0.03370818860050284
0.01505909947275999
-0.01251294704488498
-0.03157015776955568
0.04545701189016489
-0.051741749053685185
-0.037614571113884415
0.06897044663455718
0.1389072241525661
0.12885957863966677
0.010775643314939094
0.05004041653264118
0.08416609654395628
0.0926117356911034
0.08968643177821578
-0.05063676665492893
0.05323694792541774
-0.03592364379065717
-0.08676770735078687
0.08787683670956893
0.03265324194772621
-0.010144913350150137
-0.07846697102945092
0.023287739150080533
-0.07879714010107311
0.08721999120971512
0.09522197415921309
0.0798034729690132
0.09659492972300356
-0.02671750194164872
-0.07375526883832724
0.022141244208787745
-0.016758899703376382
0.011872435422035607
0.1274751176743493
0.0025198860319877742
-0.020387567305697702
0.13107900755880977
0.09761195564052186
0.14243029197662857
0.07027131463446815
0.05459618947563907
-0.02750435596789139
0.04307524195447509
0.09330334192207058
0.07278779815762791
0.05689991160997017
0.04413580761497705
0.060118825059868077
-0.09555523553874055
-0.009165977413232938
0.09776836347376326
-0.04637933377299569
0.07854661004997347
0.051623893768887374
-0.07732663134370116
0.04021820506702405
-0.07842008642634639
0.1191364979951242
0.020180781636976685
-0.04407107683153582
0.14046711609708482
0.12219836138306325
0.08208084431024709
0.023536200664629407
0.14523366958939496
-0.028124795132938127
0.017730912000232073
0.1482452039118007
0.01733131243413867
-0.04912813573464233
0.006431706600239955
0.03684459307666565
0.057214520481526865
-0.004080734829323251
0.0872879095314283
0.060807096972479345
-0.04745555448188859
-0.08599322691959878
-0.03401108327938866
0.09264012475357043
0.06557486412421198
-0.035450931485938725
-0.05957025839295574
-0.0651054908979159
-0.010454808181220781
0.04745614570446491
-0.03425737704938164
0.12994115297252698
0.10225385058792566
0.11665771471092824
0.1563039686221431
0.017491618572978474
0.07804986082439472
0.004233120510640938
0.10759247254010644
0.04167834278285394
0.12788874905855352
0.00886958328666389
0.05787401675865551
0.033548452482345156
-0.04740012614336867
-0.05277945552410179
-0.02425529727665788
0.0923613034908145
-0.09729337338524224
-0.05041635376376013
-0.05386506855890844
-0.029486349640841267
0.02217264660888232
-0.0018831969642147206
0.0044175790980885464
0.007388450779312972
-0.04182903854278996
-0.04563597381586339
0.0020634964632182053
0.014939784864303389
0.02773903531105979
0.1002707107369677
-0.017497288306672704
0.09435696808108213
0.007810792529185702
0.032207216495423706
0.0326857176264566
-0.009736287343339168
0.09635597122875225
0.07205893606443371
0.06029879627379591
-0.08079530548366902
-0.006845671430375738
-0.04792053189353385
0.04954198329634778
0.01704238215933077
-0.03550513337799722
0.03886840675554797
-0.06456622322291927
0.06191709053319839
0.08157001424332369
0.09239692846558105
-0.01726826307437802
0.10257347009310992
0.00694163997205974
-0.06294611584045005
0.11258670093306575
0.03076176283831166
0.04598039783679828
0.07854787043204409
0.04445789919174328
-0.01580378466560917
0.05187123335075101
-0.012548140756584208
0.09585676987599927
0.08795072536102301
-0.030582551420230187
-0.01842322009206115
0.041431294481707626
-0.0019714336438500448
-0.0695855685367772
0.0717174139214024
-0.04151607757893246
-0.08944483009178275
-0.0029473285243005487
-0.025720500587557812
0.062210329978705646
0.028457271432623114
0.06416588335565591
0.08319665394000432
-0.008065131716273178
0.1108243655847781
0.10964614349075118
0.07127329120562949
0.04945769494572051
-0.034470596129103574
-0.02260000913494178
0.06141119005100058
0.12745469448068303
-0.002980218175474664
0.1366118205336615
0.005968904402049846
0.02489097062098829
-0.01975093150360114
0.11323917041097675
0.015704689003832734
-0.05768544711635315
0.03078152642629847
0.02796986469530577
0.06586999523812531
-0.05399266985098475
-0.0980730089571609
0.03530166890955195
0.012617664864695111
0.057712158311959735
0.012333368779031793
0.01864819892978258
-0.04532613919330962
0.0037160892223134746
0.02774144529125005
0.04286539440746477
0.0033610614282710495
0.12328084026682505
-0.030559638856890604
0.06005309983744259
0.03202499931130143
0.11201233846306353
0.14412701874697878
-0.01965199432619836
0.09130371425465832
-0.047622133552233846
-0.008583753056383958
0.09095529640442374
0.08926064154231848
-0.0896267068192928
0.006340632113712565
0.09788499314402528
0.0010446721992332262
0.0699870143620366
0.025008835291202538
0.03909855395035365
0.015563485185133527
-0.034437594246025376
0.009823539542830875
-0.06065827019050468
-0.019487030443987807
0.08657157223598061
0.004888383329622374
-0.053007112862883565
-0.0044338262037017274
0.04835887740865904
-0.019069750527965952
-0.004611933467348547
-0.020051015500435275
0.026177787979974495
0.06400256999283252
0.11362410763342536
0.14617392405430457
0.09815715682670251
0.10627071178407192
-0.05013957857258723
-0.014411955453141102
0.037629339816785776
-0.040281364373620406
0.040872381877229524
-0.07338144640118864
-0.01872721177217882
0.08661369194808899
-0.0430227912395329
0.08138344787617116
0.07496722708661513
-0.06467573871957474
-0.06981146894270729
-0.05815143035111245
0.019330929213051497
0.08818958818510632
0.018176614583365985
0.11299883694524109
0.08812149483793223
0.04611439892010253
0.08665600578173782
0.046237416652210164
-0.009918568346022059
-0.021039596980836184
0.027834890820155653
0.022884555000204716
-0.02165022122495898
-0.016478006211532167
-0.06724859948421477
-0.0736387182093988
0.06461458454651671
0.0356891547093977
-0.04980763245968802
0.08247452992005044
-0.045617085216420536
0.0042387658017421035
-0.02822407025142176
0.09591605906337494
0.03322412630929808
0.023233858772066778
0.0951904009755567
0.07829567260550503
0.077691438606895
-0.06228184936391797
-0.06403088643758517
-0.05000476726777429
-0.04841804262097486
-0.056613747272799386
0.0568741722603656
0.08133643692050788
0.08054807593221755
0.0015571192841495314
0.033213628204482266
-0.04336588660917484
0.03816723858484521
0.09186314463959212
0.018909313156588177
-0.02155488180389852
-0.03267637189209093
0.09592302247710835
0.09116114774004794
-0.07563945962771448
0.037324326371855406
0.05536088723036438
-0.0627073727531046
-0.029971325702166852
-0.009524411994864564
0.01679532619632398
-0.08486958528060262
0.067822006419209
0.07678396848659327
-0.06641208833387197
0.019807843243905384
-0.04307167593971695
0.09208317313043547
0.05140413189926796
0.09541867532738074
0.047808436773910286
0.052569811504890214
0.13965692408403427
0.05223454993464984
0.06559562307327121
-0.015854440482597123
0.12604298364649047
-0.0203893206334863
-0.010367794125229321
0.08172352942347605
0.04758779596063339
-0.030668644266708713
0.011141865580755425
-0.08315158813270483
-0.05434771134700412
0.09194070334761825
0.07910652501511552
-0.04905135434697252
0.06283252424502589
0.08248299961396967
0.06957068643146475
0.06789545133835685
-0.05802590004778165
0.02749417918730115
0.045808963189733605
0.026570746522709382
0.0768057563188616
0.030099303320579907
-0.013526036436666727
0.07975545804818346
0.0642866172958668
0.06538018934907712
0.14051683291094075
0.07545586573994162
0.09935782867067293
0.11474086777979546
0.05112465313058488
-0.008924228462618646
-0.0019313548546781027
0.012415587955314947
-0.06060271108578186
0.05599984566343675
-0.014739649502024946
-0.031362620296944775
-0.08361030972996987
0.06442999912725357
0.029745877268567717
0.030751786568019607
-0.08188137046422034
-0.07828771768997457
0.11166551371837971
0.05883607372981799
0.09102048505450334
-0.02465547295120436
-0.022666396997395893
0.11531380362253145
-0.008507943294224284
-0.021467413472551444
-0.017824817333133403
0.1256035843082961
-0.023200705830225037
0.05742565707503212
0.06526562786442593
0.06875871465965552
-0.07250469179901797
0.0609334670304785
-0.0609718551766711
-0.07602470994323328
-0.03539556906128648
0.05012441350938641
0.052485105312431106
-0.09926784282340793
0.038467886914234875
0.019804909495496147
-0.015417870823878608
0.09916879494434987
-0.027215269045222614
0.019575144317811013
0.0542956737319561
0.09286126928111987
0.020711851112834665
0.029317455930599715
0.13184821151393586
0.10183078482061035
0.033252678525837374
0.06362537910366893
0.023413413062520125
0.01566551268505896
0.0448639978281275
0.06889828748025982
0.09882723234168128
-0.012862130621628318
0.08219735164483034
-0.006310545407109664
-0.06996967195006264
0.05575295087218296
0.034024805561422775
-0.08871683040337684
-0.032951147314939234
0.015762361809800063
0.08596629114557613
0.03824366603373011
-0.018976902710811
0.004426191254395647
0.06272658088492333
0.06325211739806849
0.07665949813370455
-0.05511038138381653
0.11884454026082626
0.05828826481319703
0.15176592972398328
0.020974020797023152
0.12656401579961865
0.08323525358528497
8.528239658411952E-4
0.06394355166110587
-0.012977518509633147
-0.0034037889607808174
-0.01559725400352063
0.01085638956307185
0.025556706407891504
-0.026388665243843448
0.08484850293328457
-0.012754258169273265
0.001745497425116901
-0.04036142522508921
0.0926601408768114
0.038402621594338236
0.03067780017216167
0.04126577831678897
-0.01566559251246176
-0.035676974012265036
0.04726677007744422
-0.07311897054993863
0.05936406328435842
-0.03246488438120261
0.008342829362828397
-0.028746986058263334
0.12463820568063498
0.033350534786891574
0.12017321156822082
0.1322116813460594
0.15718314833453365
0.14659765826290772
0.03456984288119084
0.08576460804387856
-0.04258080224174297
0.055381741236156884
0.040668486045350505
-0.07985874423214191
-0.03707514205962913
-0.053560603576754906
-0.019988355762556472
-0.013728211079087515
0.09568370780085493
-0.0969570906788301
0.06793173549788738
0.0719779909269352
0.09267965582998774
-0.059051965568881676
0.031175098532070688
-0.07924935966024263
-0.06745487315465473
-0.056356001922310696
0.030749757493065497
0.026555980348347774
3.9517349343694204E-4
0.10495044004451627
0.06401347957049579
0.09655231115769213
0.12068534372641188
0.08037233625804983
-0.02823656013704148
0.09458376871106237
0.10717071490698817
0.08561832066563071
-0.035357309050272345
0.10149308349099086
0.09468667513010753
-0.09194269807771938
0.09988894415295516
0.06173667375217431
-0.09780704381596939
0.06325231331746867
0.08069846332951033
0.07605031005373937
0.09789966470502573
0.05828145410133766
-0.028682222693805045
0.07136834756888025
0.10609261256196136
0.029254149964271645
-0.005444167634780124
0.08546334118556906
0.026164614431606413
-0.00583988853831741
0.019481549460131968
0.012514434096394907
0.07758063446249758
-0.013085826356318582
-0.004398748523530855
0.08498213710262535
-0.026186201472475353
-0.03629900826721779
9.524399662002505E-4
0.02269233486260653
0.01436054003482923
0.09162124322663488
-0.02341036087654306
0.04753688329210499
0.03916352648776486
-0.016268629631963155
-0.035068956916422755
0.06826361622722403
0.05482654190004657
0.020039396913322394
-0.06645928129867287
3.9565828031082925E-4
0.07584386733393447
0.02877705325469609
0.05350876369327005
0.10560902141511165
0.103223174727482
0.049064660494112386
-0.07085533878060553
-0.005318607574600133
0.06997749593475555
-0.014273820260533053
-0.02853551966234686
0.04146103501044411
0.04269986327408103
-0.045748712728362874
0.08798767045391866
-0.008335809055310018
0.014741420457832064
-0.03148129815268378
0.05362642363681604
-0.06959054586367243
0.0813486127842997
0.09709558846708063
0.09992664920294933
-0.07665740287335239
-0.07061450099044755
-0.0497694582555058
0.02458136267434985
-0.0042121257599203035
0.03528027376889169
0.009829091295583963
-0.07471229109588103
0.1000688036968244
0.005727430039803934
-9.834840049229435E-4
-0.007757396436675597
0.06305260830498373
0.07431783114072203
0.08278648811443752
0.017781886826017973
0.06234861056175101
0.03829562904244171
0.04622302358868198
-7.050227626616226E-4
-0.07683474550460236
-0.0010877006189373808
-0.08992900713229969
0.055080485331147115
0.03689615927573232
-0.09442014730258158
0.05969634634302112
-0.049086238438392195
0.050151856952949575
-0.0321263499383792
0.06141255723507248
0.048414418085775617
0.0025753802081077953
-0.0021161861161061303
-0.0449304295134248
0.0744288355555907
0.09964965651434919
0.0779310812361567
-0.0216395931649946
0.022614618424030706
-0.08905994975656117
-0.06331355065154165
0.037014695499248046
0.0017217187703796883
0.018283206174336476
0.053002536552233866
-0.0689800335557097
-0.0014655740668169594
-0.017711355642571158
0.038981286522853736
0.07163388370229476
-0.042853846356484676
-0.005558824117672126
0.010553153183990416
0.08577218296853936
0.09676290938751428
-0.06936266226712862
0.050808368645679614
-0.07723030722805808
0.023419748123157332
0.09079205802669206
0.043764366887124276
-0.04490335926031705
-0.09296047075925
0.08599511949217202
-0.0418122191389068
-0.012599507644456987
0.051581248749557315
0.031478799654255415
0.021311212008146015
-0.014725601066776848
-0.002309125632219387
0.04727600704193418
-0.06603817476907517
-0.01730841830734707
-0.0908052044203207
0.07400024432953634
0.07160380189888413
-0.09934075240182363
0.013522325993293019
-0.07536282448273156
0.00944839985235417
-2.210291166872986,-2.1214749490887805,-2.193544491346799,-2.162613405174638,-2.216713464601893,-2.3007049042572674,-2.2331380605702775,-2.10487865962073,-2.2086396419551098,-2.2404352113898796
0.0
0.0
0.0
0.0
0.0
0.0
0.0
0.0
0.0
0.0
0.0
0.0
0.0
0.0
0.0
0.0
0.0
0.0
0.0
0.0
0.0
0.0
0.0
0.0
0.0
0.0
0.0
0.0
0.0
0.0
0.0
0.0
0.0
0.0
0.0
0.0
0.0
0.0
0.0
0.0
0.0
0.0
0.0
0.0
0.0
0.0
0.0
0.0
0.0
0.0
0.0
0.0
0.0
0.0
0.0
0.0
0.0
0.0
0.0
0.0
0.0
0.0
0.0
0.0
0.0
0.0
0.0
0.0
0.0
0.0
0.0
0.0
0.0
0.0
0.0
0.0
0.0
0.0
0.0
0.0
0.0
0.0
0.0
0.0
0.0
0.0
0.0
0.0
0.0
0.0
0.0
0.0
0.0
0.0
0.0
0.0
0.0
0.0
0.0
0.0
0.0
0.0
0.0
0.0
0.0
0.0
0.0
0.0
0.0
0.0
0.0
0.0
0.0
0.0
0.0
0.0
0.0
0.0
0.0
0.0
0.0
0.0
0.0
0.0
0.0
0.0
0.0
0.0
0.0
0.0
0.0
0.0
0.0
0.0
0.0
0.0
0.0
0.0
0.0
0.0
0.0
0.0
0.0
0.0
0.0
0.0
0.0
0.0
0.0
0.0
0.0
0.0
0.0
0.0
0.0
0.0
0.0
0.0
0.0
0.0
0.0
0.0
0.0
0.0
0.0
0.0
0.0
0.0
0.0
0.0
0.0
0.0
0.0
0.0
0.0
0.0
0.0
0.0
0.0
0.0
0.0
0.0
0.0
0.0
0.0
0.0
0.0
0.0
0.0
0.0
0.0
0.0
0.0
0.0
0.0
0.0
0.0
0.0
0.0
0.0
0.0
0.0
0.0
0.0
0.0
0.0
0.0
0.0
0.0
0.0
0.0
0.0
0.0
0.0
0.0
0.0
0.0
0.0
0.0
0.0
0.0
0.0
0.0
0.0
0.0
0.0
0.0
0.0
0.0
0.0
0.0
0.0
0.0
0.0
0.0
0.0
0.0
0.0
0.0
0.0
0.0
0.0
0.0
0.0
0.0
0.0
0.0
0.0
0.0
0.0
0.0
0.0
0.0
0.0
0.0
0.0
0.0
0.0
0.0
0.0
0.0
0.0
0.0
0.0
0.0
0.0
0.0
0.0
0.0
0.0
0.0
0.0
0.0
0.0
0.0
0.0
0.0
0.0
0.0
0.0
0.0
0.0
0.0
0.0
0.0
0.0
0.0
0.0
0.0
0.0
0.0
0.0
0.0
0.0
0.0
0.0
0.0
0.0
0.0
0.0
0.0
0.0
0.0
0.0
0.0
0.0
0.0
0.0
0.0
0.0
0.0
0.0
0.0
0.0
0.0
0.0
0.0
0.0
0.0
0.0
0.0
0.0
0.0
0.0
0.0
0.0
0.0
0.0
0.0
0.0
0.0
0.0
0.0
0.0
0.0
0.0
0.0
0.0
0.0
0.0
0.0
0.0
0.0
0.0
0.0
0.0
0.0
0.0
0.0
0.0
0.0
0.0
0.0
0.0
0.0
0.0
0.0
0.0
0.0
0.0
0.0
0.0
0.0
0.0
0.0
0.0
0.0
0.0
0.0
0.0
0.0
0.0
0.0
0.0
0.0
0.0
0.0
0.0
0.0
0.0
0.0
0.0
0.0
0.0
0.0
0.0
0.0
0.0
0.0
0.0
0.0
0.0
0.0
0.0
0.0
0.0
0.0
0.0
0.0
0.0
0.0
0.0
0.0
0.0
0.0
0.0
0.0
0.0
0.0
0.0
0.0
0.0
0.0
0.0
0.0
0.0
0.0
0.0
0.0
0.0
0.0
0.0
0.0
0.0
0.0
0.0
0.0
0.0
0.0
0.0
0.0
0.0
0.0
0.0
0.0
0.0
0.0
0.0
0.0
0.0
0.0
0.0
0.0
0.0
0.0
0.0
0.0
0.0
0.0
0.0
0.0
0.0
0.0
0.0
0.0
0.0
0.0
0.0
0.0
0.0
0.0
0.0
0.0
0.0
0.0
0.0
0.0
0.0
0.0
0.0
0.0
0.0
0.0
0.0
0.0
0.0
0.0
0.0
0.0
0.0
0.0
0.0
0.0
0.0
0.0
0.0
0.0
0.0
0.0
0.0
0.0
0.0
0.0
0.0
0.0
0.0
0.0
0.0
0.0
0.0
0.0
0.0
0.0
0.0
0.0
0.0
0.0
0.0
0.0
0.0
0.0
0.0
0.0
0.0
0.0
0.0
0.0
0.0
0.0
0.0
0.0
0.0
0.0
0.0
0.0
0.0
0.0
0.0
0.0
0.0
0.0
0.0
0.0
0.0
0.0
0.0
0.0
0.0
0.0
0.0
0.0
0.0
0.0
0.0
0.0
0.0
0.0
0.0
0.0
0.0
0.0
0.0
0.0
0.0
0.0
0.0
0.0
0.0
0.0
0.0
0.0
0.0
0.0
0.0
0.0
0.0
0.0
0.0
0.0
0.0
0.0
0.0
0.0
0.0
0.0
0.0
0.0
0.0
0.0
0.0
0.0
0.0
0.0
0.0
0.0
0.0
0.0
0.0
0.0
0.0
0.0
0.0
0.0
0.0
0.0
0.0
0.0
0.0
0.0
0.0
0.0
0.0
0.0
0.0
0.0
0.0
0.0
0.0
0.0
0.0
0.0
0.0
0.0
0.0
0.0
0.0
0.0
0.0
0.0
0.0
0.0
0.0
0.0
0.0
0.0
0.0
0.0
0.0
0.0
0.0
0.0
0.0
0.0
0.0
0.0
0.0
0.0
0.0
0.0
0.0
0.0
0.0
0.0
0.0
0.0
0.0
0.0
0.0
0.0
0.0
0.0
0.0
0.0
0.0
0.0
0.0
0.0
0.0
0.0
0.0
0.0
0.0
0.0
0.0
0.0
0.0
0.0
0.0
0.0
0.0
0.0
0.0
0.0
0.0
0.0
0.0
0.0
0.0
0.0
0.0
0.0
0.0
0.0
0.0
0.0
0.0
0.0
0.0
0.0
0.0
0.0
0.0
0.0
0.0
0.0
0.0
0.0
0.0
0.0
0.0
0.0
0.0
0.0
0.0
0.0
0.0
0.0
0.0
0.0
0.0
0.0
0.0
0.0
0.0
0.0
0.0
0.0
0.0
0.0
0.0
0.0
0.0
0.0
0.0
0.0
0.0
0.0
0.0
0.0
0.0
0.0
0.0
0.0
0.0
0.0
0.0
0.0
0.0
0.0
0.0
0.0
0.0
0.0
0.0
0.0
0.0
0.0
0.0
0.0
0.0
0.0
0.0
0.0
0.0
0.0
0.0
0.0
0.0
0.0
0.0
0.0
0.0
0.0
0.0
0.0
0.0
0.0
0.0
0.0
0.0
0.0
0.0
0.0
0.0
0.0
0.0
0.0
0.0
0.0
0.0
0.0
0.0
0.0
0.0
0.0,0.0,0.0,0.0,0.0,0.0,0.0,0.0,0.0,0.0